m_1 = [1 2 3; 4 5 6; 7 8 9];
m_2 = [1 2 3
       4 5 6
       7 8 9];
m_3 = [];
z = zeros(2, 3);
o = ones(2, 3);
e_1 = eye(2, 3);
e_2 = eye(3, 3);
